0,1,0.5488135023,0,Difference:,IGG:,IPG:,Std div:
0,5,1.874406578,1,1.325593076,1.236854735,1.508587972,0.136127049
0,9,3.166728891,2,1.292322313,,,
0,13,4.445449005,3,1.278720114,,,
0,17,5.700553854,4,1.255104849,,,
0,21,7.004369784,5,1.30381593,,,
0,25,8.261921704,6,1.25755192,,,
0,29,9.684274146,7,1.422352442,,,
0,31,10.68427415,7,1,,,
0,35,11.91610976,8,1.231835614,,,
0,39,13.18105439,9,1.264944635,,,
0,43,14.54827551,10,1.36722112,,,
0,47,15.81366377,11,1.265388257,,,
0,51,17.06355097,12,1.249887201,,,
0,55,18.4443879,13,1.380836926,,,
0,57,19.4443879,13,1,,,
0,61,20.653504,14,1.209116103,,,
0,65,21.85554656,15,1.202042559,,,
0,69,23.23429533,16,1.378748766,,,
0,73,24.58487375,17,1.350578426,,,
0,75,25.58487375,17,1,,,
0,79,26.98896297,18,1.404089222,,,
0,83,28.25313389,19,1.264170917,,,
0,87,29.6145341,20,1.361400207,,,
0,91,30.88803054,21,1.273496442,,,
0,95,32.20162444,22,1.313593894,,,
0,97,33.20162444,22,1,,,
0,101,34.50376762,23,1.302143187,,,
0,105,35.71924059,24,1.215472968,,,
0,109,37.20868264,25,1.489442048,,,
0,113,38.48246537,26,1.273782729,,,
0,115,39.48246537,26,1,,,
0,119,40.74663484,27,1.26416947,,,
0,123,41.96725517,28,1.220620328,,,
0,127,43.30078418,29,1.333529018,,,
0,131,44.52518903,30,1.224404849,,,
0,135,45.73971684,31,1.214527803,,,
0,137,46.73971684,31,1,,,
0,141,48.03585493,32,1.296138094,,,
0,143,49.03585493,32,1,,,
0,147,50.26099912,33,1.225144193,,,
0,151,51.50985483,34,1.248855705,,,
0,155,52.94274617,35,1.432891337,,,
0,159,54.20252077,36,1.259774608,,,
0,163,55.49747023,37,1.294949458,,,
0,167,56.93010534,38,1.432635106,,,
0,171,58.14056146,39,1.210456123,,,
0,173,59.14056146,39,1,,,
0,177,60.45045271,40,1.309891247,,,
0,181,61.76151245,41,1.311059745,,,
0,183,62.76151245,41,1,,,
0,185,63.76151245,41,1,,,
0,189,64.97531532,42,1.213802869,,,
0,193,66.21321152,43,1.237896196,,,
0,197,67.45842172,44,1.245210206,,,
0,201,68.7428645,45,1.284442779,,,
0,203,69.7428645,45,1,,,
0,207,71.0434516,46,1.300587101,,,
0,211,72.56274627,47,1.519294664,,,
0,213,73.56274627,47,1,,,
0,217,74.78617642,48,1.223430152,,,
0,221,76.00376777,49,1.217591355,,,
0,225,77.30964205,50,1.305874272,,,
0,229,78.5388501,51,1.229208053,,,
0,233,79.80164426,52,1.262794158,,,
0,237,81.02967196,53,1.228027701,,,
0,241,82.2469847,54,1.217312746,,,
0,245,83.45868024,55,1.211695541,,,
0,249,84.76548746,56,1.30680722,,,
0,253,85.98035869,57,1.214871227,,,
0,257,87.20224675,58,1.22188806,,,
0,261,88.44824815,59,1.246001396,,,
0,265,89.82028131,60,1.372033166,,,
0,267,90.82028131,60,1,,,
0,269,91.82028131,60,1,,,
0,273,93.2022632,61,1.381981892,,,
0,277,94.41236668,62,1.210103478,,,
0,281,95.98726983,63,1.574903146,,,
0,285,97.25050349,64,1.26323366,,,
0,289,98.82669622,65,1.576192728,,,
0,291,99.82669622,65,1,,,
0,295,101.0866909,66,1.259994689,,,
0,299,102.2887099,67,1.202019013,,,
0,301,103.2887099,67,1,,,
0,305,104.5219509,68,1.233241024,,,
0,309,105.7347566,69,1.212805677,,,
0,313,106.9698742,70,1.235117609,,,
0,317,108.1825131,71,1.212638864,,,
0,321,109.4207832,72,1.238270095,,,
0,325,110.6742716,73,1.253488438,,,
0,329,111.8809014,74,1.20662974,,,
0,331,112.8809014,74,1,,,
0,335,114.1641857,75,1.283284352,,,
0,339,115.5645098,76,1.400324052,,,
0,343,116.8356346,77,1.271124794,,,
0,347,118.2841928,78,1.448558236,,,
0,349,119.2841928,78,1,,,
0,353,120.5699824,79,1.285789564,,,
0,355,121.5699824,79,1,,,
0,359,122.8025164,80,1.232534042,,,
0,363,124.0034565,81,1.200940075,,,
0,367,125.3881892,82,1.384732765,,,
0,369,126.3881892,82,1,,,
0,373,127.7141826,83,1.325993381,,,
0,377,128.948348,84,1.234165417,,,
0,381,130.1685831,85,1.220235044,,,
0,385,131.456896,86,1.288312904,,,
0,389,132.6589272,87,1.202031246,,,
0,391,133.6589272,87,1,,,
0,395,134.9051003,88,1.24617309,,,
0,397,135.9051003,88,1,,,
0,399,136.9051003,88,1,,,
0,403,138.1894086,89,1.284308303,,,
0,407,139.5110595,90,1.321650865,,,
0,411,140.7450942,91,1.234034674,,,
0,415,142.0018846,92,1.256790415,,,
0,417,143.0018846,92,1,,,
0,421,144.2877239,93,1.285839297,,,
0,425,145.577383,94,1.289659087,,,
0,429,146.862305,95,1.284922081,,,
0,433,148.087547,96,1.225241999,,,
0,437,149.5927752,97,1.505228166,,,
0,441,150.8520376,98,1.259262403,,,
0,445,152.2393836,99,1.387345988,,,
0,449,153.5596075,100,1.320223857,,,
0,451,154.5596075,100,1,,,
0,455,155.9052893,101,1.345681856,,,
0,459,157.1583616,102,1.25307225,,,
0,463,158.4708898,103,1.312528202,,,
0,467,159.6996308,104,1.228741048,,,
0,471,160.9372047,105,1.237573884,,,
0,475,162.4736417,106,1.536437045,,,
0,479,163.7624279,107,1.288786141,,,
0,483,165.0702114,108,1.307783488,,,
0,487,166.3463981,109,1.276186777,,,
0,491,167.5726039,110,1.226205724,,,
0,495,168.822835,111,1.25023108,,,
0,499,170.1192803,112,1.296445357,,,
0,503,171.3836908,113,1.264410471,,,
0,505,172.3836908,113,1,,,
0,509,173.6195835,114,1.235892722,,,
0,513,174.9275155,115,1.30793202,,,
0,517,176.1617755,116,1.234259962,,,
0,521,177.458013,117,1.296237506,,,
0,525,178.7140091,118,1.255996107,,,
0,529,179.9285665,119,1.214557398,,,
0,531,180.9285665,119,1,,,
0,535,182.1382588,120,1.209692275,,,
0,539,183.3819616,121,1.243702801,,,
0,543,184.6622168,122,1.280255199,,,
0,547,185.8656371,123,1.203420342,,,
0,551,187.4128907,124,1.547253548,,,
0,555,188.6516037,125,1.238713009,,,
0,559,189.8766118,126,1.225008149,,,
0,563,191.0918412,127,1.215229363,,,
0,567,192.3020732,128,1.210232061,,,
0,571,193.9158542,129,1.613780976,,,
0,575,195.1460108,130,1.230156591,,,
0,579,196.4230185,131,1.277007686,,,
0,583,197.6824258,132,1.25940735,,,
0,585,198.6824258,132,1,,,
0,587,199.6824258,132,1,,,
1,2,0.6488135023,1,,,,
1,6,1.974406578,2,1.325593076,,,
1,10,3.266728891,3,1.292322313,,,
1,14,4.545449005,4,1.278720114,,,
1,18,5.800553854,5,1.255104849,,,
1,22,7.104369784,6,1.30381593,,,
1,26,8.361921704,7,1.25755192,,,
1,32,10.78427415,8,2.422352442,,,
1,36,12.01610976,9,1.231835614,,,
1,40,13.28105439,10,1.264944635,,,
1,44,14.64827551,11,1.36722112,,,
1,48,15.91366377,12,1.265388257,,,
1,52,17.16355097,13,1.249887201,,,
1,58,19.5443879,14,2.380836926,,,
1,62,20.753504,15,1.209116103,,,
1,66,21.95554656,16,1.202042559,,,
1,70,23.33429533,17,1.378748766,,,
1,76,25.68487375,18,2.350578426,,,
1,80,27.08896297,19,1.404089222,,,
1,84,28.35313389,20,1.264170917,,,
1,88,29.7145341,21,1.361400207,,,
1,92,30.98803054,22,1.273496442,,,
1,98,33.30162444,23,2.313593894,,,
1,102,34.60376762,24,1.302143187,,,
1,106,35.81924059,25,1.215472968,,,
1,110,37.30868264,26,1.489442048,,,
1,116,39.58246537,27,2.273782729,,,
1,120,40.84663484,28,1.26416947,,,
1,124,42.06725517,29,1.220620328,,,
1,128,43.40078418,30,1.333529018,,,
1,132,44.62518903,31,1.224404849,,,
1,138,46.83971684,32,2.214527803,,,
1,144,49.13585493,33,2.296138094,,,
1,148,50.36099912,34,1.225144193,,,
1,152,51.60985483,35,1.248855705,,,
1,156,53.04274617,36,1.432891337,,,
1,160,54.30252077,37,1.259774608,,,
1,164,55.59747023,38,1.294949458,,,
1,168,57.03010534,39,1.432635106,,,
1,174,59.24056146,40,2.210456123,,,
1,178,60.55045271,41,1.309891247,,,
1,186,63.86151245,42,3.311059745,,,
1,190,65.07531532,43,1.213802869,,,
1,194,66.31321152,44,1.237896196,,,
1,198,67.55842172,45,1.245210206,,,
1,204,69.8428645,46,2.284442779,,,
1,208,71.1434516,47,1.300587101,,,
1,214,73.66274627,48,2.519294664,,,
1,218,74.88617642,49,1.223430152,,,
1,222,76.10376777,50,1.217591355,,,
1,226,77.40964205,51,1.305874272,,,
1,230,78.6388501,52,1.229208053,,,
1,234,79.90164426,53,1.262794158,,,
1,238,81.12967196,54,1.228027701,,,
1,242,82.3469847,55,1.217312746,,,
1,246,83.55868024,56,1.211695541,,,
1,250,84.86548746,57,1.30680722,,,
1,254,86.08035869,58,1.214871227,,,
1,258,87.30224675,59,1.22188806,,,
1,262,88.54824815,60,1.246001396,,,
1,270,91.92028131,61,3.372033166,,,
1,274,93.3022632,62,1.381981892,,,
1,278,94.51236668,63,1.210103478,,,
1,282,96.08726983,64,1.574903146,,,
1,286,97.35050349,65,1.26323366,,,
1,292,99.92669622,66,2.576192728,,,
1,296,101.1866909,67,1.259994689,,,
1,302,103.3887099,68,2.202019013,,,
1,306,104.6219509,69,1.233241024,,,
1,310,105.8347566,70,1.212805677,,,
1,314,107.0698742,71,1.235117609,,,
1,318,108.2825131,72,1.212638864,,,
1,322,109.5207832,73,1.238270095,,,
1,326,110.7742716,74,1.253488438,,,
1,332,112.9809014,75,2.20662974,,,
1,336,114.2641857,76,1.283284352,,,
1,340,115.6645098,77,1.400324052,,,
1,344,116.9356346,78,1.271124794,,,
1,350,119.3841928,79,2.448558236,,,
1,356,121.6699824,80,2.285789564,,,
1,360,122.9025164,81,1.232534042,,,
1,364,124.1034565,82,1.200940075,,,
1,370,126.4881892,83,2.384732765,,,
1,374,127.8141826,84,1.325993381,,,
1,378,129.048348,85,1.234165417,,,
1,382,130.2685831,86,1.220235044,,,
1,386,131.556896,87,1.288312904,,,
1,392,133.7589272,88,2.202031246,,,
1,400,137.0051003,89,3.24617309,,,
1,404,138.2894086,90,1.284308303,,,
1,408,139.6110595,91,1.321650865,,,
1,412,140.8450942,92,1.234034674,,,
1,418,143.1018846,93,2.256790415,,,
1,422,144.3877239,94,1.285839297,,,
1,426,145.677383,95,1.289659087,,,
1,430,146.962305,96,1.284922081,,,
1,434,148.187547,97,1.225241999,,,
1,438,149.6927752,98,1.505228166,,,
1,442,150.9520376,99,1.259262403,,,
1,446,152.3393836,100,1.387345988,,,
1,452,154.6596075,101,2.320223857,,,
1,456,156.0052893,102,1.345681856,,,
1,460,157.2583616,103,1.25307225,,,
1,464,158.5708898,104,1.312528202,,,
1,468,159.7996308,105,1.228741048,,,
1,472,161.0372047,106,1.237573884,,,
1,476,162.5736417,107,1.536437045,,,
1,480,163.8624279,108,1.288786141,,,
1,484,165.1702114,109,1.307783488,,,
1,488,166.4463981,110,1.276186777,,,
1,492,167.6726039,111,1.226205724,,,
1,496,168.922835,112,1.25023108,,,
1,500,170.2192803,113,1.296445357,,,
1,506,172.4836908,114,2.264410471,,,
1,510,173.7195835,115,1.235892722,,,
1,514,175.0275155,116,1.30793202,,,
1,518,176.2617755,117,1.234259962,,,
1,522,177.558013,118,1.296237506,,,
1,526,178.8140091,119,1.255996107,,,
1,532,181.0285665,120,2.214557398,,,
1,536,182.2382588,121,1.209692275,,,
1,540,183.4819616,122,1.243702801,,,
1,544,184.7622168,123,1.280255199,,,
1,548,185.9656371,124,1.203420342,,,
1,552,187.5128907,125,1.547253548,,,
1,556,188.7516037,126,1.238713009,,,
1,560,189.9766118,127,1.225008149,,,
1,564,191.1918412,128,1.215229363,,,
1,568,192.4020732,129,1.210232061,,,
1,572,194.0158542,130,1.613780976,,,
1,576,195.2460108,131,1.230156591,,,
1,580,196.5230185,132,1.277007686,,,
1,588,199.7824258,133,3.25940735,,,
2,3,0.7744065781,0,,,,
2,7,2.066728891,0,,,,
2,11,3.345449005,0,,,,
2,15,4.600553854,0,,,,
2,19,5.904369784,0,,,,
2,23,7.161921704,0,,,,
2,27,8.584274146,0,,,,
2,33,10.81610976,0,,,,
2,37,12.08105439,0,,,,
2,41,13.44827551,0,,,,
2,45,14.71366377,0,,,,
2,49,15.96355097,0,,,,
2,53,17.3443879,0,,,,
2,59,19.553504,0,,,,
2,63,20.75554656,0,,,,
2,67,22.13429533,0,,,,
2,71,23.48487375,0,,,,
2,77,25.88896297,0,,,,
2,81,27.15313389,0,,,,
2,85,28.5145341,0,,,,
2,89,29.78803054,0,,,,
2,93,31.10162444,0,,,,
2,99,33.40376762,0,,,,
2,103,34.61924059,0,,,,
2,107,36.10868264,0,,,,
2,111,37.38246537,0,,,,
2,117,39.64663484,0,,,,
2,121,40.86725517,0,,,,
2,125,42.20078418,0,,,,
2,129,43.42518903,0,,,,
2,133,44.63971684,0,,,,
2,139,46.93585493,0,,,,
2,145,49.16099912,0,,,,
2,149,50.40985483,0,,,,
2,153,51.84274617,0,,,,
2,157,53.10252077,0,,,,
2,161,54.39747023,0,,,,
2,165,55.83010534,0,,,,
2,169,57.04056146,0,,,,
2,175,59.35045271,0,,,,
2,179,60.66151245,0,,,,
2,187,63.87531532,0,,,,
2,191,65.11321152,0,,,,
2,195,66.35842172,0,,,,
2,199,67.6428645,0,,,,
2,205,69.9434516,0,,,,
2,209,71.46274627,0,,,,
2,215,73.68617642,0,,,,
2,219,74.90376777,0,,,,
2,223,76.20964205,0,,,,
2,227,77.4388501,0,,,,
2,231,78.70164426,0,,,,
2,235,79.92967196,0,,,,
2,239,81.1469847,0,,,,
2,243,82.35868024,0,,,,
2,247,83.66548746,0,,,,
2,251,84.88035869,0,,,,
2,255,86.10224675,0,,,,
2,259,87.34824815,0,,,,
2,263,88.72028131,0,,,,
2,271,92.1022632,0,,,,
2,275,93.31236668,0,,,,
2,279,94.88726983,0,,,,
2,283,96.15050349,0,,,,
2,287,97.72669622,0,,,,
2,293,99.9866909,0,,,,
2,297,101.1887099,0,,,,
2,303,103.4219509,0,,,,
2,307,104.6347566,0,,,,
2,311,105.8698742,0,,,,
2,315,107.0825131,0,,,,
2,319,108.3207832,0,,,,
2,323,109.5742716,0,,,,
2,327,110.7809014,0,,,,
2,333,113.0641857,0,,,,
2,337,114.4645098,0,,,,
2,341,115.7356346,0,,,,
2,345,117.1841928,0,,,,
2,351,119.4699824,0,,,,
2,357,121.7025164,0,,,,
2,361,122.9034565,0,,,,
2,365,124.2881892,0,,,,
2,371,126.6141826,0,,,,
2,375,127.848348,0,,,,
2,379,129.0685831,0,,,,
2,383,130.356896,0,,,,
2,387,131.5589272,0,,,,
2,393,133.8051003,0,,,,
2,401,137.0894086,0,,,,
2,405,138.4110595,0,,,,
2,409,139.6450942,0,,,,
2,413,140.9018846,0,,,,
2,419,143.1877239,0,,,,
2,423,144.477383,0,,,,
2,427,145.762305,0,,,,
2,431,146.987547,0,,,,
2,435,148.4927752,0,,,,
2,439,149.7520376,0,,,,
2,443,151.1393836,0,,,,
2,447,152.4596075,0,,,,
2,453,154.8052893,0,,,,
2,457,156.0583616,0,,,,
2,461,157.3708898,0,,,,
2,465,158.5996308,0,,,,
2,469,159.8372047,0,,,,
2,473,161.3736417,0,,,,
2,477,162.6624279,0,,,,
2,481,163.9702114,0,,,,
2,485,165.2463981,0,,,,
2,489,166.4726039,0,,,,
2,493,167.722835,0,,,,
2,497,169.0192803,0,,,,
2,501,170.2836908,0,,,,
2,507,172.5195835,0,,,,
2,511,173.8275155,0,,,,
2,515,175.0617755,0,,,,
2,519,176.358013,0,,,,
2,523,177.6140091,0,,,,
2,527,178.8285665,0,,,,
2,533,181.0382588,0,,,,
2,537,182.2819616,0,,,,
2,541,183.5622168,0,,,,
2,545,184.7656371,0,,,,
2,549,186.3128907,0,,,,
2,553,187.5516037,0,,,,
2,557,188.7766118,0,,,,
2,561,189.9918412,0,,,,
2,565,191.2020732,0,,,,
2,569,192.8158542,0,,,,
2,573,194.0460108,0,,,,
2,577,195.3230185,0,,,,
2,581,196.5824258,0,,,,
2,589,199.8258604,0,,,,
3,4,0.8744065781,1,,,,
3,8,2.166728891,2,,,,
3,12,3.445449005,3,,,,
3,16,4.700553854,4,,,,
3,20,6.004369784,5,,,,
3,24,7.261921704,6,,,,
3,28,8.684274146,7,,,,
3,34,10.91610976,8,,,,
3,38,12.18105439,9,,,,
3,42,13.54827551,10,,,,
3,46,14.81366377,11,,,,
3,50,16.06355097,12,,,,
3,54,17.4443879,13,,,,
3,60,19.653504,14,,,,
3,64,20.85554656,15,,,,
3,68,22.23429533,16,,,,
3,72,23.58487375,17,,,,
3,78,25.98896297,18,,,,
3,82,27.25313389,19,,,,
3,86,28.6145341,20,,,,
3,90,29.88803054,21,,,,
3,94,31.20162444,22,,,,
3,100,33.50376762,23,,,,
3,104,34.71924059,24,,,,
3,108,36.20868264,25,,,,
3,112,37.48246537,26,,,,
3,118,39.74663484,27,,,,
3,122,40.96725517,28,,,,
3,126,42.30078418,29,,,,
3,130,43.52518903,30,,,,
3,134,44.73971684,31,,,,
3,140,47.03585493,32,,,,
3,146,49.26099912,33,,,,
3,150,50.50985483,34,,,,
3,154,51.94274617,35,,,,
3,158,53.20252077,36,,,,
3,162,54.49747023,37,,,,
3,166,55.93010534,38,,,,
3,170,57.14056146,39,,,,
3,176,59.45045271,40,,,,
3,180,60.76151245,41,,,,
3,188,63.97531532,42,,,,
3,192,65.21321152,43,,,,
3,196,66.45842172,44,,,,
3,200,67.7428645,45,,,,
3,206,70.0434516,46,,,,
3,210,71.56274627,47,,,,
3,216,73.78617642,48,,,,
3,220,75.00376777,49,,,,
3,224,76.30964205,50,,,,
3,228,77.5388501,51,,,,
3,232,78.80164426,52,,,,
3,236,80.02967196,53,,,,
3,240,81.2469847,54,,,,
3,244,82.45868024,55,,,,
3,248,83.76548746,56,,,,
3,252,84.98035869,57,,,,
3,256,86.20224675,58,,,,
3,260,87.44824815,59,,,,
3,264,88.82028131,60,,,,
3,272,92.2022632,61,,,,
3,276,93.41236668,62,,,,
3,280,94.98726983,63,,,,
3,284,96.25050349,64,,,,
3,288,97.82669622,65,,,,
3,294,100.0866909,66,,,,
3,298,101.2887099,67,,,,
3,304,103.5219509,68,,,,
3,308,104.7347566,69,,,,
3,312,105.9698742,70,,,,
3,316,107.1825131,71,,,,
3,320,108.4207832,72,,,,
3,324,109.6742716,73,,,,
3,328,110.8809014,74,,,,
3,334,113.1641857,75,,,,
3,338,114.5645098,76,,,,
3,342,115.8356346,77,,,,
3,346,117.2841928,78,,,,
3,352,119.5699824,79,,,,
3,358,121.8025164,80,,,,
3,362,123.0034565,81,,,,
3,366,124.3881892,82,,,,
3,372,126.7141826,83,,,,
3,376,127.948348,84,,,,
3,380,129.1685831,85,,,,
3,384,130.456896,86,,,,
3,388,131.6589272,87,,,,
3,394,133.9051003,88,,,,
3,402,137.1894086,89,,,,
3,406,138.5110595,90,,,,
3,410,139.7450942,91,,,,
3,414,141.0018846,92,,,,
3,420,143.2877239,93,,,,
3,424,144.577383,94,,,,
3,428,145.862305,95,,,,
3,432,147.087547,96,,,,
3,436,148.5927752,97,,,,
3,440,149.8520376,98,,,,
3,444,151.2393836,99,,,,
3,448,152.5596075,100,,,,
3,454,154.9052893,101,,,,
3,458,156.1583616,102,,,,
3,462,157.4708898,103,,,,
3,466,158.6996308,104,,,,
3,470,159.9372047,105,,,,
3,474,161.4736417,106,,,,
3,478,162.7624279,107,,,,
3,482,164.0702114,108,,,,
3,486,165.3463981,109,,,,
3,490,166.5726039,110,,,,
3,494,167.822835,111,,,,
3,498,169.1192803,112,,,,
3,502,170.3836908,113,,,,
3,508,172.6195835,114,,,,
3,512,173.9275155,115,,,,
3,516,175.1617755,116,,,,
3,520,176.458013,117,,,,
3,524,177.7140091,118,,,,
3,528,178.9285665,119,,,,
3,534,181.1382588,120,,,,
3,538,182.3819616,121,,,,
3,542,183.6622168,122,,,,
3,546,184.8656371,123,,,,
3,550,186.4128907,124,,,,
3,554,187.6516037,125,,,,
3,558,188.8766118,126,,,,
3,562,190.0918412,127,,,,
3,566,191.3020732,128,,,,
3,570,192.9158542,129,,,,
3,574,194.1460108,130,,,,
3,578,195.4230185,131,,,,
3,582,196.6824258,132,,,,
3,590,199.9258604,133,,,,