0,1,0.5488135023,0,Differrence:,IGG:,IPG:,Std div:
0,3,1.548813502,0,1,1.073097854,4.515232808,0.1402696254
0,5,2.548813502,0,1,,,
0,9,3.841135815,1,1.292322313,,,
0,13,5.119855929,2,1.278720114,,,
0,17,6.374960778,3,1.255104849,,,
0,19,7.374960778,3,1,,,
0,21,8.374960778,3,1,,,
0,23,9.374960778,3,1,,,
0,25,10.37496078,3,1,,,
0,27,11.37496078,3,1,,,
0,31,12.58079925,4,1.205838467,,,
0,35,13.81263486,5,1.231835614,,,
0,37,14.81263486,5,1,,,
0,39,15.81263486,5,1,,,
0,43,17.17985598,6,1.36722112,,,
0,45,18.17985598,6,1,,,
0,47,19.17985598,6,1,,,
0,49,20.17985598,6,1,,,
0,51,21.17985598,6,1,,,
0,55,22.56069291,7,1.380836926,,,
0,57,23.56069291,7,1,,,
0,59,24.56069291,7,1,,,
0,61,25.56069291,7,1,,,
0,63,26.56069291,7,1,,,
0,65,27.56069291,7,1,,,
0,67,28.56069291,7,1,,,
0,71,30.0757099,8,1.515016993,,,
0,75,31.29083298,9,1.215123085,,,
0,79,32.69492221,10,1.404089222,,,
0,83,33.95909312,11,1.264170917,,,
0,87,35.32049333,12,1.361400207,,,
0,89,36.32049333,12,1,,,
0,91,37.32049333,12,1,,,
0,95,38.63408722,13,1.313593894,,,
0,97,39.63408722,13,1,,,
0,99,40.63408722,13,1,,,
0,101,41.63408722,13,1,,,
0,103,42.63408722,13,1,,,
0,105,43.63408722,13,1,,,
0,107,44.63408722,13,1,,,
0,111,45.97622369,14,1.342136468,,,
0,113,46.97622369,14,1,,,
0,115,47.97622369,14,1,,,
0,117,48.97622369,14,1,,,
0,119,49.97622369,14,1,,,
0,121,50.97622369,14,1,,,
0,123,51.97622369,14,1,,,
0,127,53.30975271,15,1.333529018,,,
0,129,54.30975271,15,1,,,
0,131,55.30975271,15,1,,,
0,133,56.30975271,15,1,,,
0,135,57.30975271,15,1,,,
0,137,58.30975271,15,1,,,
0,139,59.30975271,15,1,,,
0,141,60.30975271,15,1,,,
0,143,61.30975271,15,1,,,
0,145,62.30975271,15,1,,,
0,147,63.30975271,15,1,,,
0,149,64.30975271,15,1,,,
0,151,65.30975271,15,1,,,
0,155,66.74264405,16,1.432891337,,,
0,157,67.74264405,16,1,,,
0,159,68.74264405,16,1,,,
0,161,69.74264405,16,1,,,
0,163,70.74264405,16,1,,,
0,165,71.74264405,16,1,,,
0,169,73.06225483,17,1.31961078,,,
0,171,74.06225483,17,1,,,
0,173,75.06225483,17,1,,,
0,177,76.37214607,18,1.309891247,,,
0,179,77.37214607,18,1,,,
0,181,78.37214607,18,1,,,
0,183,79.37214607,18,1,,,
0,185,80.37214607,18,1,,,
0,187,81.37214607,18,1,,,
0,189,82.37214607,18,1,,,
0,193,83.61004227,19,1.237896196,,,
0,195,84.61004227,19,1,,,
0,197,85.61004227,19,1,,,
0,199,86.61004227,19,1,,,
0,201,87.61004227,19,1,,,
0,203,88.61004227,19,1,,,
0,205,89.61004227,19,1,,,
0,207,90.61004227,19,1,,,
0,211,92.12933694,20,1.519294664,,,
0,213,93.12933694,20,1,,,
0,215,94.12933694,20,1,,,
0,217,95.12933694,20,1,,,
0,219,96.12933694,20,1,,,
0,221,97.12933694,20,1,,,
0,225,98.43521121,21,1.305874272,,,
0,227,99.43521121,21,1,,,
0,229,100.4352112,21,1,,,
0,231,101.4352112,21,1,,,
0,233,102.4352112,21,1,,,
0,235,103.4352112,21,1,,,
0,237,104.4352112,21,1,,,
0,239,105.4352112,21,1,,,
0,241,106.4352112,21,1,,,
0,243,107.4352112,21,1,,,
0,245,108.4352112,21,1,,,
0,247,109.4352112,21,1,,,
0,249,110.4352112,21,1,,,
0,251,111.4352112,21,1,,,
0,253,112.4352112,21,1,,,
0,257,113.6570993,22,1.22188806,,,
0,261,114.9031007,23,1.246001396,,,
0,263,115.9031007,23,1,,,
0,267,117.1044671,24,1.201366458,,,
0,269,118.1044671,24,1,,,
0,271,119.1044671,24,1,,,
0,275,120.4164486,25,1.311981437,,,
0,277,121.4164486,25,1,,,
0,281,122.9913517,26,1.574903146,,,
0,285,124.2545854,27,1.26323366,,,
0,287,125.2545854,27,1,,,
0,291,126.4603181,28,1.205732693,,,
0,293,127.4603181,28,1,,,
0,295,128.4603181,28,1,,,
0,297,129.4603181,28,1,,,
0,299,130.4603181,28,1,,,
0,301,131.4603181,28,1,,,
0,303,132.4603181,28,1,,,
0,305,133.4603181,28,1,,,
0,309,134.6731237,29,1.212805677,,,
0,311,135.6731237,29,1,,,
0,313,136.6731237,29,1,,,
0,315,137.6731237,29,1,,,
0,317,138.6731237,29,1,,,
0,319,139.6731237,29,1,,,
0,321,140.6731237,29,1,,,
0,325,141.9266122,30,1.253488438,,,
0,329,143.1332419,31,1.20662974,,,
0,331,144.1332419,31,1,,,
0,333,145.1332419,31,1,,,
0,335,146.1332419,31,1,,,
0,337,147.1332419,31,1,,,
0,341,148.3640834,32,1.230841484,,,
0,343,149.3640834,32,1,,,
0,345,150.3640834,32,1,,,
0,349,151.5739484,33,1.209865031,,,
0,353,152.859738,34,1.285789564,,,
0,355,153.859738,34,1,,,
0,359,155.092272,35,1.232534042,,,
0,361,156.092272,35,1,,,
0,363,157.092272,35,1,,,
0,365,158.092272,35,1,,,
0,369,159.3064051,36,1.214133071,,,
0,371,160.3064051,36,1,,,
0,373,161.3064051,36,1,,,
0,377,162.5405705,37,1.234165417,,,
0,379,163.5405705,37,1,,,
0,381,164.5405705,37,1,,,
0,383,165.5405705,37,1,,,
0,385,166.5405705,37,1,,,
0,387,167.5405705,37,1,,,
0,389,168.5405705,37,1,,,
0,391,169.5405705,37,1,,,
0,395,170.7867436,38,1.24617309,,,
0,397,171.7867436,38,1,,,
0,399,172.7867436,38,1,,,
0,401,173.7867436,38,1,,,
0,403,174.7867436,38,1,,,
0,405,175.7867436,38,1,,,
0,407,176.7867436,38,1,,,
0,409,177.7867436,38,1,,,
0,411,178.7867436,38,1,,,
0,415,180.043534,39,1.256790415,,,
0,417,181.043534,39,1,,,
0,421,182.3293733,40,1.285839297,,,
0,423,183.3293733,40,1,,,
0,425,184.3293733,40,1,,,
0,429,185.6142954,41,1.284922081,,,
0,431,186.6142954,41,1,,,
0,433,187.6142954,41,1,,,
0,437,189.1195236,42,1.505228166,,,
0,439,190.1195236,42,1,,,
0,441,191.1195236,42,1,,,
0,443,192.1195236,42,1,,,
0,447,193.7038242,43,1.584300658,,,
0,449,194.7038242,43,1,,,
0,451,195.7038242,43,1,,,
0,453,196.7038242,43,1,,,
0,457,198.0719164,44,1.36809222,,,
0,459,199.0719164,44,1,,,
1,6,2.648813502,1,,,,
1,10,3.941135815,2,1.292322313,,,
1,14,5.219855929,3,1.278720114,,,
1,28,11.47496078,4,6.255104849,,,
1,32,12.68079925,5,1.205838467,,,
1,40,15.91263486,6,3.231835614,,,
1,52,21.27985598,7,5.36722112,,,
1,68,28.66069291,8,7.380836926,,,
1,72,30.1757099,9,1.515016993,,,
1,76,31.39083298,10,1.215123085,,,
1,80,32.79492221,11,1.404089222,,,
1,84,34.05909312,12,1.264170917,,,
1,92,37.42049333,13,3.361400207,,,
1,108,44.73408722,14,7.313593894,,,
1,124,52.07622369,15,7.342136468,,,
1,152,65.40975271,16,13.33352902,,,
1,166,71.84264405,17,6.432891337,,,
1,174,75.16225483,18,3.31961078,,,
1,190,82.47214607,19,7.309891247,,,
1,208,90.71004227,20,8.237896196,,,
1,222,97.22933694,21,6.519294664,,,
1,254,112.5352112,22,15.30587427,,,
1,258,113.7570993,23,1.22188806,,,
1,264,116.0031007,24,2.246001396,,,
1,272,119.2044671,25,3.201366458,,,
1,278,121.5164486,26,2.311981437,,,
1,282,123.0913517,27,1.574903146,,,
1,288,125.3545854,28,2.26323366,,,
1,306,133.5603181,29,8.205732693,,,
1,322,140.7731237,30,7.212805677,,,
1,326,142.0266122,31,1.253488438,,,
1,338,147.2332419,32,5.20662974,,,
1,346,150.4640834,33,3.230841484,,,
1,350,151.6739484,34,1.209865031,,,
1,356,153.959738,35,2.285789564,,,
1,366,158.192272,36,4.232534042,,,
1,374,161.4064051,37,3.214133071,,,
1,392,169.6405705,38,8.234165417,,,
1,412,178.8867436,39,9.24617309,,,
1,418,181.143534,40,2.256790415,,,
1,426,184.4293733,41,3.285839297,,,
1,434,187.7142954,42,3.284922081,,,
1,444,192.2195236,43,4.505228166,,,
1,454,196.8038242,44,4.584300658,,,
2,7,2.741135815,0,,,,
2,11,4.019855929,0,,,,
2,15,5.274960778,0,,,,
2,29,11.48079925,0,,,,
2,33,12.71263486,0,,,,
2,41,16.07985598,0,,,,
2,53,21.46069291,0,,,,
2,69,28.9757099,0,,,,
2,73,30.19083298,0,,,,
2,77,31.59492221,0,,,,
2,81,32.85909312,0,,,,
2,85,34.22049333,0,,,,
2,93,37.53408722,0,,,,
2,109,44.87622369,0,,,,
2,125,52.20975271,0,,,,
2,153,65.64264405,0,,,,
2,167,71.96225483,0,,,,
2,175,75.27214607,0,,,,
2,191,82.51004227,0,,,,
2,209,91.02933694,0,,,,
2,223,97.33521121,0,,,,
2,255,112.5570993,0,,,,
2,259,113.8031007,0,,,,
2,265,116.0044671,0,,,,
2,273,119.3164486,0,,,,
2,279,121.8913517,0,,,,
2,283,123.1545854,0,,,,
2,289,125.3603181,0,,,,
2,307,133.5731237,0,,,,
2,323,140.8266122,0,,,,
2,327,142.0332419,0,,,,
2,339,147.2640834,0,,,,
2,347,150.4739484,0,,,,
2,351,151.759738,0,,,,
2,357,153.992272,0,,,,
2,367,158.2064051,0,,,,
2,375,161.4405705,0,,,,
2,393,169.6867436,0,,,,
2,413,178.943534,0,,,,
2,419,181.2293733,0,,,,
2,427,184.5142954,0,,,,
2,435,188.0195236,0,,,,
2,445,192.6038242,0,,,,
2,455,196.9719164,0,,,,
3,8,2.841135815,1,,,,
3,12,4.119855929,2,,,,
3,16,5.374960778,3,,,,
3,30,11.58079925,4,,,,
3,34,12.81263486,5,,,,
3,42,16.17985598,6,,,,
3,54,21.56069291,7,,,,
3,70,29.0757099,8,,,,
3,74,30.29083298,9,,,,
3,78,31.69492221,10,,,,
3,82,32.95909312,11,,,,
3,86,34.32049333,12,,,,
3,94,37.63408722,13,,,,
3,110,44.97622369,14,,,,
3,126,52.30975271,15,,,,
3,154,65.74264405,16,,,,
3,168,72.06225483,17,,,,
3,176,75.37214607,18,,,,
3,192,82.61004227,19,,,,
3,210,91.12933694,20,,,,
3,224,97.43521121,21,,,,
3,256,112.6570993,22,,,,
3,260,113.9031007,23,,,,
3,266,116.1044671,24,,,,
3,274,119.4164486,25,,,,
3,280,121.9913517,26,,,,
3,284,123.2545854,27,,,,
3,290,125.4603181,28,,,,
3,308,133.6731237,29,,,,
3,324,140.9266122,30,,,,
3,328,142.1332419,31,,,,
3,340,147.3640834,32,,,,
3,348,150.5739484,33,,,,
3,352,151.859738,34,,,,
3,358,154.092272,35,,,,
3,368,158.3064051,36,,,,
3,376,161.5405705,37,,,,
3,394,169.7867436,38,,,,
3,414,179.043534,39,,,,
3,420,181.3293733,40,,,,
3,428,184.6142954,41,,,,
3,436,188.1195236,42,,,,
3,446,192.7038242,43,,,,
3,456,197.0719164,44,,,,